0.069335 -0.230523 -0.253153 0.029590 -0.196317 0.208824 -0.051592 0.258800 0.147890 -0.108378
-0.091572 0.089120 0.038230 -0.325057 0.233748 -0.030691 -0.194253 0.338209 -0.049075 -0.215805
-0.245160 -0.315186 0.042011 -0.062007 -0.108650 0.093266 0.130357 -0.056161 0.053249 -0.255014
-0.112480 0.141509 0.202054 -0.316499 0.267418 0.089039 -0.395693 0.203574 -0.155836 0.172594
0.107701 -0.290564 0.265538 0.130192 -0.010798 0.099756 0.092541 -0.245649 -0.085043 0.152911
0.131453 -0.280562 -0.107951 -0.314173 0.145548 -0.202025 -0.155494 0.113753 0.150894 0.176044
-0.050506 -0.253300 0.011508 -0.135903 0.257763 -0.286185 0.081766 0.093641 -0.017892 0.017167
-0.331671 -0.108716 0.101606 -0.007502 -0.248533 0.183500 -0.351489 0.097501 -0.089463 0.071380
-0.222972 0.123048 -0.285806 -0.251747 0.022759 -0.060418 0.168425 -0.154938 -0.003966 -0.021653
0.190401 -0.090693 0.068608 -0.253975 -0.285455 -0.156563 0.217329 0.170162 -0.238632 -0.058040
-0.280247 0.120925 0.108525 0.059867 -0.323186 -0.126017 -0.112945 -0.247650 0.162818 -0.075620
0.117994 -0.242340 -0.242808 0.227324 -0.180391 0.110729 -0.072961 0.264257 -0.236207 -0.238504
0.141396 0.154434 -0.074548 -0.076254 -0.212658 0.330327 -0.239620 -0.113051 0.294169 0.098800
-0.183654 -0.154097 -0.309204 0.073523 -0.195187 0.089500 -0.351498 -0.254230 -0.127210 0.020826
0.100067 -0.156335 0.056588 -0.341045 0.102939 0.070495 -0.304297 -0.337805 -0.064391 0.242840
0.138749 0.075054 0.204748 -0.220739 -0.358181 0.170277 0.191417 0.068212 0.034713 -0.221167
0.234206 0.004180 0.071322 0.167195 0.042116 -0.435306 -0.033866 -0.077578 -0.305946 0.056487
0.122731 -0.092599 -0.212162 -0.192443 0.247089 0.137424 0.078961 0.092896 -0.253813 0.198490
-0.150933 0.159320 -0.248390 -0.230959 -0.041429 0.137782 -0.154905 -0.286178 0.077201 -0.286474
-0.084705 -0.165417 0.149377 0.037501 0.215694 0.179520 -0.292586 -0.424976 0.281182 0.225119
0.044263 -0.262589 -0.368964 -0.058691 -0.163991 0.145753 0.247683 -0.240850 -0.178535 -0.334436
-0.212520 0.154544 -0.211567 -0.105127 -0.123996 -0.018698 -0.328318 0.117638 -0.237784 -0.008289
-0.234912 -0.153463 -0.211028 0.081626 0.050753 -0.150109 0.091374 0.235068 0.089843 -0.281134
0.299379 -0.188642 0.197995 -0.099248 -0.314878 0.075390 0.151507 -0.055046 0.175678 0.084024
0.256149 -0.207373 -0.002298 -0.256482 0.181522 -0.377609 0.023382 0.003409 0.172619 -0.307468
-0.074675 0.063353 -0.256962 0.101960 -0.094286 -0.224146 -0.330810 0.115732 -0.103284 -0.071097
-0.185140 -0.060360 0.129670 -0.008186 -0.379421 -0.283714 0.277148 0.202484 -0.026031 -0.233182
0.014705 -0.290812 -0.244636 0.301589 0.172912 0.110948 -0.065888 -0.216257 -0.090384 -0.119114
0.142959 0.065368 -0.413434 0.060830 -0.038986 0.141039 -0.256730 -0.080235 0.069148 -0.221604
-0.322379 -0.327708 0.166104 0.132809 -0.383794 0.241263 -0.130121 -0.286772 0.104694 0.011484
0.154698 0.106787 0.242324 0.033537 -0.305018 0.178738 0.226856 -0.188600 -0.301074 -0.517493
0.076765 0.010982 0.009438 0.056847 -0.066897 -0.055737 -0.074525 0.374038 -0.444123 -0.278889
-0.202031 -0.381130 -0.213384 0.200585 0.104066 -0.119811 -0.014692 -0.190721 -0.234262 0.162545
-0.249148 -0.009128 -0.160126 -0.168214 0.261885 -0.030815 -0.033754 -0.090868 0.094816 -0.248001
-0.219403 -0.326293 -0.028744 0.025416 -0.223920 -0.188100 -0.013789 -0.220441 0.045895 -0.037588
0.100635 0.161402 0.138099 0.039464 0.027722 -0.428648 0.027504 -0.162871 -0.075857 0.016459
-0.146844 -0.290427 0.054844 -0.253713 -0.183573 0.080953 -0.298868 -0.030207 0.275772 -0.021540
-0.283978 0.030834 -0.114949 0.267356 -0.134780 -0.190611 -0.058849 -0.235083 0.004056 0.008682
-0.335125 -0.256927 0.000111 0.200802 -0.209914 -0.022780 -0.506907 0.168121 -0.006954 0.184378
-0.294306 -0.070435 -0.059640 -0.175163 0.198492 0.016746 0.125586 -0.264280 0.280725 -0.345733
0.058140 -0.135753 -0.065230 0.160711 -0.425478 0.240282 0.077437 -0.040719 -0.157940 -0.245954
0.320773 -0.152198 0.000559 0.084204 -0.250648 0.051145 0.119539 -0.086983 0.091461 -0.296077
0.125202 -0.101364 -0.073688 -0.358526 0.159085 -0.011060 0.197094 -0.312319 -0.263150 0.185406
-0.049506 -0.198989 0.046118 -0.181406 -0.098057 -0.186231 -0.270087 0.143370 -0.073800 -0.086581
-0.189830 0.019929 -0.022802 0.064004 -0.139971 -0.308843 -0.001839 -0.161035 -0.205826 -0.375357
0.278902 -0.016344 -0.141576 -0.251877 -0.291316 -0.257659 -0.252477 -0.191593 0.166720 -0.210337
0.082985 -0.057972 -0.222170 0.246331 0.067673 -0.137280 -0.075753 0.158841 0.057696 -0.195944
-0.243242 0.007134 -0.443098 0.153907 -0.281436 -0.208720 -0.201082 0.168582 -0.134133 0.246463
-0.244177 0.234163 0.088423 -0.278257 -0.070690 -0.087782 0.005974 -0.079460 -0.128537 -0.048801
0.166903 -0.051797 -0.149236 0.043871 -0.025115 0.216399 0.141929 -0.199459 -0.345652 -0.033695
0.265791 -0.211396 0.128823 0.024471 0.093880 -0.105980 -0.166747 -0.297321 0.207847 -0.318387
0.176612 0.041075 -0.058735 -0.269757 0.114529 -0.068635 -0.022454 -0.048974 -0.382930 0.164525
0.065525 -0.330154 -0.184877 0.180685 -0.071770 -0.157405 0.198002 -0.178066 -0.231470 0.118489
-0.218919 -0.151410 -0.277752 -0.238315 -0.126954 -0.336197 0.174501 0.177133 -0.135458 0.032224
0.117476 -0.018682 -0.324341 -0.231674 -0.338113 -0.028701 -0.073261 -0.050878 0.158034 -0.186036
0.021486 -0.245527 -0.122629 -0.203416 -0.183564 -0.037821 -0.307136 -0.035309 0.063490 0.069736
0.240461 0.241749 -0.224477 -0.332955 0.131779 0.274608 -0.077736 -0.065664 0.105030 -0.299957
-0.057823 0.225131 0.150021 -0.036698 -0.318247 -0.200643 0.196022 -0.216657 -0.248863 -0.064521
-0.210446 0.191252 0.166448 0.083092 0.117518 0.026524 -0.415971 0.190826 -0.245417 -0.338783
0.133559 -0.270574 0.057264 -0.297274 -0.135427 -0.128839 0.024355 -0.204768 -0.182916 -0.114616
-0.216616 -0.069847 -0.098278 -0.214979 0.061303 -0.093890 -0.234311 -0.169177 -0.238712 -0.133179
-0.247211 -0.279312 0.083077 0.019032 0.290805 0.079020 -0.078144 -0.121557 -0.137292 0.183619
0.093161 0.353960 -0.318437 -0.295758 -0.158119 0.238155 0.119628 -0.035668 -0.376051 -0.177695
0.209539 0.349842 -0.177890 -0.052472 -0.281939 -0.418010 -0.152435 -0.013331 -0.214412 0.113117